7
8
15
18
19
20
22
29
31
35
41
45
62
63
70
79
87
89
106
124
125
127
129
133
139
161
179
199
200
206
217
224
236
237
259
264
265
270
271
286
288
289
294
309
310
330
332
333
340
361
363
370
373
387
403
411
413
427
428
433
446
456
471
477
479
480
486
488
493
509
510
512
514
520
532
538
567
581
583
584
590
591
599
602
614
616
617
633
634
636
637
642
653
667
669
671
677
678
683
684
693
708
714
737
760
772
782
783
785
800
808
814
822
828
836
843
846
849
887
889
893
895
906
912
915
940
946
947
951
954
962
966
993
995
1015
1021
1034
1050
1062
1068
1082
1092
1093
1095
1098
1099
1106
1111
1114
1115
1119
1126
1127
1129
1131
1135
1147
1154
1162
1179
1192
1193
1206
1224
1227
1238
1239
1259
1260
1262
1267
1273
1275
1285
1288
1321
1324
1332
1360
1367
1376
1377
1378
1412
1415
1419
1442
1443
1447
1450
1454
1455
1456
1459
1463
1466
1475
1477
1478
1483
1508
1530
1532
1553
1554
1572
1579
1584
1585
1589
1592
1593
1600
1607
1616
1632
1639
1642
1646
1676
1692
1700
1708
1714
1715
1717
1732
1748
1751
1756
1781
1786
1800
1813
1816
1817
1821
1829
1835
1837
1842
1850
1851
1854
1862
1864
1873
1895
1907
1908
1929
1930
1947
1953
1960
1963
1964
1971
1977
1979
1986
1993
1998
2028
2030
2037
2039
2045
2050
2062
2070
2073
2084
2102
2111
2113
2118
2119
2126
2128
2134
2177
2202
2208
2224
2225
2235
2238
2251
2262
2266
2280
2284
2295
2305
2306
2310
2311
2312
2320
2326
2337
2343
2346
2350
2354
2362
2363
2392
2393
2407
2412
2414
2418
2419
2420
2424
2426
2438
2449
2452
2459
2460
2469
2471
2473
2478
2492
2493
2496
2499
2502
2507
2520
2529
2530
2548
2562
2577
2581
2609
2612
2617
2635
2637
2640
2644
2646
2653
2657
2662
2700
2703
2704
2708
2731
2733
2754
2759
2761
2766
2774
2790
2800
2801
2808
2811
2814
2828
2830
2852
2872
2874
2882
2888
2894
2902
2915
2937
2952
2961
2966
2972
2986
2989
2991
3000
3028
3033
3040
3044
3049
3052
3055
3060
3061
3078
3080
3083
3088
3095
3105
3112
3118
3123
3136
3154
3160
3177
3185
3190
3213
3215
3216
3246
3259
3264
3268
3270
3287
3297
3321
3327
3343
3351
3354
3383
3385
3392
3393
3403
3419
3429
3433
3444
3446
3449
3464
3468
3523
3529
3564
3569
3573
3576
3579
3589
3594
3604
3615
3635
3642
3668
3679
3691
3692
3694
3701
3720
3728
3732
3746
3750
3751
3752
3773
3775
3794
3801
3811
3823
3826
3847
3852
3870
3883
3897
3910
3911
3917
3923
3924
3932
3949
3959
3981
3983
3987
3993
4010
4017
4027
4029
4031
4034
4035
4037
4039
4059
4068
4071
4090
4094
4096
4102
4106
4133
4147
4152
4163
4168
4173
4199
4200
4203
4214
4216
4228
4238
4245
4250
4255
4265
4268
4269
4273
4278
4291
4294
4297
4299
4304
4309
4313
4337
4348
4357
4360
4367
4375
4395
4413
4416
4421
4425
4427
4428
4435
4441
4444
4459
4474
4488
4495
4499
4505
4514
4524
4526
4537
4545
4556
4569
4580
4596
4597
4615
4630
4634
4638
4646
4656
4657
4658
4669
4689
4700
4706
4709
4731
4739
4740
4742
4757
4766
4767
4805
4830
4832
4835
4840
4862
4879
4900
4906
4912
4943
4958
4972
5032
5040
5068
5112
5135
5173
5174
5198
5204
5218
5225
5237
5238
5243
5265
5282
5324
5327
5390
5393
5395
5407
5419
5429
5440
5441
5447
5500
5514
5523
5524
5530
5546
5548
5566
5579
5594
5603
5619
5638
5644
5645
5658
5665
5696
5702
5737
5744
5761
5771
5781
5782
5786
5788
5790
5793
5796
5797
5822
5878
5907
5934
5937
5948
5974
5995
6009
6011
6012
6019
6026
6034
6041
6092
6118
6119
6122
6130
6140
6156
6157
6185
6201
6203
6220
6227
6236
6248
6252
6264
6294
6298
6305
6312
6329
6331
6339
6351
6417
6419
6425
6427
6483
6503
6535
6540
6565
6606
6609
6612
6615
6620
6621
6623
6625
6656
6682
6715
6716
6725
6736
6751
6754
6771
6772
6775
6806
6815
6851
6855
6859
6897
6916
6931
6936
6965
6982
7014
7016
7021
7025
7085
7098
7117
7123
7131
7170
7172
7192
7195
7199
7200
7209
7213
7214
7221
7226
7238
7268
7313
7326
7329
7335
7382
7394
7402
7415
7420
7421
7437
7447
7448
7467
7489
7495
7500
7504
7509
7516
7520
7533
7551
7571
7585
7600
7601
7603
7618
7621
7622
7659
7667
7678
7706
7731
7767
7781
7799
7812
7837
7838
7843
7849
7850
7869
7883
7916
7923
7935
7963
7992
7995
7997
8001
8007
8021
8028
8060
8062
8075
8108
8124
8137
8146
8154
8191
8203
8207
8251
8264
