2
3
5
6
10
12
13
14
15
18
19
20
21
22
23
24
25
26
29
30
33
34
36
37
39
40
41
44
46
47
50
51
52
56
57
60
62
64
65
70
74
76
77
78
80
86
90
91
93
96
97
101
102
103
106
107
108
109
114
116
117
118
121
125
126
127
128
129
132
133
135
136
137
138
140
142
143
144
146
147
148
152
153
155
157
158
159
161
164
167
168
169
173
176
177
180
182
187
188
190
191
195
196
197
207
208
210
212
213
214
215
216
217
220
222
223
225
229
230
231
233
235
236
238
241
242
245
249
250
252
257
258
264
270
274
277
281
284
287
288
290
291
293
295
296
297
300
303
304
306
307
311
317
319
321
322
325
326
330
333
334
338
339
340
342
346
348
350
352
353
356
357
358
359
360
365
366
367
368
369
370
372
373
374
375
376
378
381
383
388
390
396
397
398
402
403
404
405
409
410
411
416
420
421
423
429
430
433
434
435
436
437
438
446
447
448
452
453
457
459
463
464
465
469
470
471
473
474
475
476
478
479
480
481
482
485
487
489
492
494
495
497
499
500
503
504
506
507
508
510
513
514
517
521
522
524
529
535
538
541
542
544
545
547
549
550
553
556
558
561
562
563
564
566
567
572
573
575
577
578
579
580
581
583
587
588
589
594
595
596
597
598
602
603
604
607
610
611
614
616
619
620
623
625
627
629
633
642
644
645
646
647
650
651
655
657
664
666
670
671
673
675
677
678
679
681
682
686
687
688
689
692
693
695
697
698
700
703
706
708
714
715
716
718
720
723
726
728
729
730
731
733
734
738
739
740
743
744
746
748
750
753
754
758
759
760
762
763
764
765
766
767
768
770
772
775
777
782
785
786
787
792
795
796
797
798
801
802
804
806
808
809
810
811
812
813
814
818
819
820
825
827
829
830
831
832
836
837
839
842
847
848
851
852
853
854
858
859
860
861
862
863
865
866
869
872
873
874
875
876
881
882
888
889
890
891
893
894
898
899
902
905
906
908
912
914
915
919
922
925
928
931
933
934
937
941
946
947
948
949
950
952
953
955
965
966
967
972
975
976
977
978
979
980
981
984
986
989
993
996
997
998
999
1001
1002
1003
1007
1008
1011
1014
1018
1021
1022
1025
1027
1028
1033
1035
1036
1037
1038
1039
1040
1043
1045
1047
1051
1053
1055
1056
1058
1061
1062
1064
1066
1067
1069
1070
1075
1076
1077
1080
1081
1082
1084
1085
1086
1087
1089
1091
1092
1093
1098
1099
1103
1105
1108
1115
1116
1117
1120
1121
1122
1124
1125
1126
1128
1133
1134
1137
1140
1143
1145
1146
1147
1148
1150
1151
1153
1155
1156
1159
1162
1163
1165
1166
1167
1168
1170
1176
1181
1184
1187
1188
1190
1191
1192
1195
1200
1201
1204
1206
1207
1208
1209
1211
1212
1216
1219
1221
1222
1224
1225
1229
1230
1231
1232
1234
1235
1236
1237
1238
1240
1241
1242
1243
1245
1249
1250
1251
1252
1253
1255
1256
1259
1263
1268
1269
1270
1272
1274
1275
1276
1280
1284
1286
1288
1289
1290
1291
1294
1295
1296
1298
1300
1304
1305
1308
1309
1313
1314
1316
1318
1321
1327
1328
1331
1332
1333
1334
1335
1338
1340
1341
1342
1345
1348
1350
1351
1352
1354
1355
1356
1357
1358
1359
1360
1365
1368
1370
1372
1375
1376
1378
1379
1380
1383
1384
1385
1386
1389
1391
1392
1393
1394
1395
1396
1399
1404
1406
1407
1409
1410
1411
1414
1418
1426
1428
1432
1433
1435
1436
1438
1439
1440
1446
1447
1451
1454
1460
1461
1462
1463
1465
1466
1472
1473
1474
1476
1479
1480
1482
1486
1487
1488
1490
1493
1495
1496
1497
1499
1500
1501
1502
1506
1508
1510
1514
1515
1516
1517
1520
1523
1524
1527
1530
1531
1532
1533
1534
1536
1537
1539
1540
1541
1542
1544
1547
1548
1552
1553
1560
1562
1563
1564
1566
1567
1568
1570
1571
1573
1576
1577
1581
1582
1583
1584
1588
1590
1592
1594
1596
1597
1599
1600
1602
1603
1611
1613
1614
1616
1617
1621
1622
1624
1626
1627
1628
1630
1631
1634
1635
1636
1637
1641
1642
1644
1645
1646
1647
1650
1651
1652
1657
1658
1663
1665
1668
1670
1671
1674
1675
1676
1677
1679
1680
1681
1682
1684
1689
1693
1694
1695
1696
1697
1699
1700
1703
1704
1705
1706
1708
1713
1714
1716
1717
1719
1721
1725
1727
1729
1731
1733
1735
1738
1739
1740
1741
1742
1746
1749
1750
1751
1753
1756
1758
1764
1766
1767
1768
1770
1772
1776
1777
1779
1784
1787
1789
1790
1797
1799
1800
1802
1803
1809
1811
1815
1817
1818
1820
1821
1823
1824
1825
1828
1832
1835
1836
1841
1842
1844
1846
1851
1852
1853
1854
1858
1859
1860
1863
1864
1867
1869
1870
1871
1872
1875
1877
1879
1880
1883
1884
1886
1889
1893
1894
1895
1897
1898
1900
1901
1903
1904
1905
1907
1908
1909
1910
1916
1919
1922
1925
1926
1927
1932
1933
1936
1938
1940
1943
1945
1946
1948
1952
1953
1955
1956
1958
1959
1960
1961
1962
1963
1970
1973
1974
1975
1977
1982
1985
1986
1987
1990
1991
1993
1994
1995
1996
1997
1998
1999
2000
2001
2002
2003
2005
2007
2008
2011
2012
2013
2014
2015
2016
2017
2020
2021
2024
2025
2030
2031
2032
2034
2036
2039
2040
2041
2044
2046
2049
2050
2051
2054
2059
2060
2064
2065
2066
2067
2068
2069
2071
2073
2076
2077
2079
2080
2083
2084
2087
2089
2091
2093
2094
2096
2097
2102
2103
2105
2106
2107
2109
2110
2111
2112
2113
2114
2118
2119
2123
2124
2125
2126
2129
2130
2133
2134
2138
2140
2141
2144
2146
2147
2148
2149
2155
2156
2157
2161
2163
2165
2171
2172
2173
2174
2176
2178
2179
2180
2182
2186
2188
2189
2192
2193
2198
2200
2208
2210
2212
2214
2216
2217
2218
2224
2225
2228
2229
2232
2233
2235
2238
2240
2244
2245
2249
2250
2251
2253
2254
2255
2257
2258
2259
2260
2265
2266
2267
2268
2272
2273
2275
2278
2279
2280
2281
2284
2285
2287
2289
2290
2291
2292
2293
2294
2295
2297
2298
2299
2303
2315
2318
2320
2321
2326
2329
2330
2333
2334
2336
2338
2340
2343
2344
2345
2347
2348
2352
2356
2359
2360
2361
2362
2363
2364
2366
2367
2369
2370
2371
2376
2379
2380
2381
2383
2384
2385
2386
2388
2389
2391
2392
2394
2395
2397
2400
2402
2403
2406
2407
2410
2414
2415
2417
2420
2421
2423
2424
2426
2428
2433
2435
2440
2441
2442
2445
2446
2447
2453
2454
2455
2456
2458
2462
2466
2468
2469
2471
2473
2475
2481
2484
2486
2488
2490
2493
2494
2496
2497
2498
2499
2500
2501
2504
2505
2506
2507
2509
2511
2513
2515
2518
2519
2526
2529
2530
2532
2533
2534
2536
2538
2539
2540
2542
2543
2544
2545
2548
2552
2553
2554
2555
2556
2557
2558
2559
2561
2562
2563
2564
2566
2567
2572
2573
2574
2577
2578
2579
2582
2583
2587
2588
2589
2592
2593
2598
2600
2603
2604
2605
2607
2612
2614
2619
2621
2622
2624
2629
2631
2632
2635
2637
2639
2641
2642
2643
2644
2647
2648
2650
2660
2661
2665
2666
2667
2669
2670
2671
2673
2674
2675
2678
2680
2682
2684
2689
2690
2691
2692
2694
2695
2706
2709
2710
2711
2712
2714
2715
2719
2720
2721
2722
2723
2725
2728
2729
2731
2733
2734
2735
2736
2737
2738
2742
2743
2744
2745
2747
2749
2750
2752
2753
2756
2757
2759
2760
2763
2766
2767
2768
2769
2770
2771
2772
2773
2775
2777
2781
2786
2787
2789
2790
2793
2795
2797
2798
2802
2803
2804
2806
2807
2808
2809
2810
2812
2813
2814
2815
2816
2818
2819
2820
2821
2824
2825
2827
2830
2833
2835
2836
2838
2841
2842
2843
2845
2848
2850
2856
2858
2861
2862
2863
2871
2872
2874
2879
2881
2883
2884
2885
2886
2888
2889
2892
2893
2896
2901
2904
2908
2910
2911
2912
2919
2923
2924
2926
2932
2933
2935
2937
2938
2941
2942
2943
2949
2950
2954
2956
2957
2958
2962
2963
2964
2965
2967
2970
2972
2979
2980
2982
2984
2985
2986
2988
2990
2991
2994
2998
3001
3002
3004
3006
3008
3011
3012
3013
3014
3015
3017
3019
3025
3026
3027
3028
3031
3034
3037
3038
3039
3041
3044
3046
3051
3054
3058
3060
3062
3065
3067
3069
3071
3073
3075
3076
3082
3088
3089
3090
3091
3093
3098
3099
3102
3104
3105
3106
3116
3117
3119
3120
3122
3126
3127
3129
3130
3131
3132
3134
3135
3136
3138
3139
3142
3143
3144
3146
3150
3151
3156
3157
3158
3159
3161
3163
3164
3166
3169
3172
3173
3174
3175
3176
3179
3181
3182
3183
3184
3185
3186
3187
3188
3189
3190
3192
3193
3194
3195
3196
3198
3199
3200
3201
3202
3203
3205
3206
3211
3212
3215
3216
3218
3220
3222
3223
3225
3226
3227
3228
3230
3233
3235
3236
3238
3242
3243
3244
3245
3246
3247
3248
3252
3253
3255
3256
3258
3261
3264
3265
3266
3272
3273
3276
3277
3278
3280
3281
3286
3287
3288
3293
3294
3295
3303
3309
3310
3311
3314
3316
3317
3321
3323
3331
3334
3336
3339
3342
3343
3348
3350
3353
3354
3356
3357
3358
3359
3361
3364
3366
3371
3372
3373
3374
3375
3377
3383
3389
3393
3395
3398
3401
3403
3404
3405
3407
3408
3410
3413
3415
3416
3418
3419
3420
3422
3423
3424
3428
3433
3434
3437
3438
3439
3440
3442
3443
3446
3447
3448
3449
3453
3454
3456
3457
3458
3462
3463
3464
3465
3466
3467
3468
3470
3471
3481
3483
3485
3486
3487
3490
3493
3494
3495
3499
3500
3501
3502
3505
3509
3511
3513
3514
3515
3518
3519
3526
3527
3528
3530
3531
3534
3535
3536
3537
3538
3539
3544
3545
3547
3549
3552
3554
3555
3556
3557
3559
3561
3563
3565
3568
3569
3570
3572
3573
3575
3576
3578
3580
3582
3583
3586
3588
3593
3594
3595
3596
3597
3600
3601
3602
3603
3604
3605
3606
3608
3610
3611
3612
3613
3614
3617
3619
3620
3621
3623
3624
3625
3626
3627
3628
3629
3632
3633
3634
3636
3637
3638
3639
3644
3647
3648
3650
3653
3654
3655
3656
3657
3658
3659
3661
3662
3664
3666
3668
3670
3678
3680
3682
3684
3687
3690
3692
3696
3698
3700
3703
3706
3710
3719
3722
3724
3725
3727
3728
3731
3733
3734
3735
3739
3740
3748
3749
3753
3755
3756
3757
3761
3762
3763
3764
3765
3766
3767
3770
3772
3773
3774
3775
3776
3777
3779
3780
3781
3782
3785
3786
3788
3791
3792
3793
3794
3796
3799
3800
3801
3802
3803
3808
3809
3812
3816
3819
3820
3821
3823
3824
3830
3831
3833
3837
3840
3841
3843
3844
3852
3853
3855
3856
3863
3864
3865
3866
3868
3869
3871
3872
3873
3874
3875
3876
3879
3882
3886
3887
3889
3891
3894
3895
3899
3904
3905
3906
3908
3910
3911
3912
3913
3914
3915
3922
3929
3931
3935
3936
3940
3944
3946
3948
3950
3952
3953
3954
3956
3957
3959
3961
3964
3965
3968
3970
3975
3977
3978
3979
3980
3982
3983
3986
3987
3992
3994
3995
3996
3998
3999
4003
4006
4009
4010
4011
4013
4015
4018
4020
4021
4022
4023
4025
4026
4029
4030
4031
4038
4041
4042
4043
4044
4045
4046
4049
4050
4051
4052
4054
4055
4056
4057
4059
4060
4063
4064
4067
4068
4075
4077
4078
4079
4081
4082
4083
4086
4088
4089
4092
4094
4095
4096
4101
4103
4104
4105
4107
4108
4110
4111
4113
4114
4115
4118
4119
4120
4121
4124
4127
4128
4131
4132
4133
4134
4137
4139
4140
4143
4144
4145
4146
4147
4148
4151
4153
4155
4156
4157
4161
4162
4164
4165
4169
4172
4177
4179
4180
4184
4187
4188
4189
4191
4193
4195
4196
4197
4199
4202
4205
4207
4209
4210
4212
4213
4218
4219
4220
4221
4223
4227
4229
4230
4232
4235
4236
4238
4239
4242
4243
4246
4248
4250
4255
4256
4258
4262
4263
4264
4265
4266
4267
4268
4270
4272
4274
4276
4282
4284
4285
4287
4290
4291
4293
4295
4296
4297
4298
4299
4301
4303
4304
4305
4308
4309
4310
4313
4314
4318
4321
4324
4325
4326
4329
4331
4332
4334
4336
4339
4340
4345
4346
4347
4349
4350
4351
4352
4354
4355
4356
4357
4360
4364
4365
4366
4367
4370
4371
4372
4376
4377
4378
4383
4384
4385
4387
4392
4397
4398
4402
4403
4404
4408
4410
4414
4415
4420
4422
4423
4425
4426
4428
4438
4439
4440
4441
4442
4443
4445
4448
4450
4452
4454
4457
4458
4460
4462
4463
4465
4470
4472
4473
4474
4477
4479
4481
4487
4489
4493
4496
4497
4498
4499
4500
4501
4504
4505
4506
4507
4511
4514
4515
4516
4519
4520
4521
4524
4525
4526
4527
4529
4530
4532
4533
4535
4536
4537
4538
4539
4543
4545
4548
4554
4556
4557
4560
4561
4562
4564
4565
4566
4567
4568
4571
4573
4574
4578
4580
4581
4584
4585
4586
4587
4588
4589
4590
4591
4592
4593
4594
4595
4596
4597
4598
4599
4603
4606
4610
4618
4620
4621
4624
4625
4626
4627
4628
4629
4630
4633
4634
4636
4638
4640
4641
4642
4644
4647
4650
4652
4654
4655
4657
4659
4661
4662
4663
4665
4666
4670
4671
4674
4675
4677
4679
4682
4683
4684
4685
4686
4687
4691
4692
4698
4701
4702
4704
4705
4706
4709
4710
4711
4714
4721
4723
4725
4727
4730
4732
4735
4736
4737
4738
4742
4744
4747
4748
4749
4750
4751
4753
4757
4758
4759
4760
4761
4764
4766
4769
4770
4772
4773
4774
4775
4776
4777
4778
4780
4783
4784
4788
4789
4790
4792
4794
4795
4797
4799
4801
4805
4807
4812
4813
4815
4819
4820
4822
4823
4826
4827
4828
4829
4830
4831
4832
4833
4834
4836
4837
4839
4841
4844
4846
4847
4851
4855
4857
4863
4865
4867
4869
4876
4877
4881
4883
4889
4890
4893
4895
4896
4898
4901
4902
4903
4904
4905
4907
4908
4912
4913
4916
4918
4921
4928
4929
4932
4934
4936
4942
4946
4947
4950
4952
4953
4954
4955
4956
4957
4958
4959
4961
4962
4963
4966
4967
4968
4970
4972
4973
4975
4977
4978
4980
4981
4982
4987
4988
4989
4991
4992
4994
4996
4998
4999
5003
5004
5007
5009
5010
5014
5015
5020
5024
5026
5028
5031
5033
5034
5036
5040
5042
5043
5044
5045
5046
5051
5052
5054
5057
5059
5061
5062
5067
5070
5071
5073
5074
5075
5076
5078
5079
5081
5082
5087
5088
5090
5093
5094
5097
5098
5099
5100
5102
5105
5108
5111
5112
5114
5117
5118
5123
5124
5128
5130
5135
5136
5139
5141
5142
5144
5145
5146
5148
5149
5150
5154
5155
5157
5159
5160
5163
5164
5166
5167
5170
5171
5172
5173
5174
5175
5176
5180
5183
5192
5197
5198
5199
5200
5202
5203
5205
5206
5210
5211
5214
5215
5216
5217
5221
5222
5223
5225
5226
5233
5236
5237
5238
5239
5242
5246
5248
5251
5254
5257
5258
5260
5261
5263
5264
5265
5267
5269
5270
5271
5275
5276
5277
5285
5286
5288
5292
5293
5296
5297
5298
5299
5300
5301
5304
5306
5308
5313
5314
5316
5319
5325
5332
5335
5336
5340
5341
5342
5343
5344
5345
5348
5351
5352
5353
5354
5358
5359
5360
5361
5362
5365
5367
5373
5374
5375
5376
5377
5378
5379
5380
5381
5384
5385
5386
5387
5388
5390
5392
5393
5394
5395
5396
5397
5399
5401
5402
5403
5405
5408
5409
5412
5416
5417
5418
5420
5422
5424
5428
5429
5432
5436
5437
5438
5439
5440
5441
5445
5447
5448
5450
5451
5457
5458
5462
5465
5467
5468
5473
5477
5478
5479
5484
5488
5490
5493
5496
5497
5498
5502
5503
5504
5506
5508
5509
5512
5515
5516
5517
5518
5519
5524
5525
5526
5529
5530
5533
5534
5535
5537
5538
5539
5540
5542
5543
5544
5545
5546
5547
5551
5553
5554
5555
5556
5558
5559
5562
5563
5564
5565
5566
5567
5570
5576
5579
5581
5582
5583
5585
5586
5593
5596
5599
5600
5601
5602
5604
5605
5608
5610
5613
5614
5615
5619
5622
5624
5626
5627
5629
5630
5631
5633
5634
5635
5643
5646
5647
5648
5650
5651
5654
5655
5656
5657
5659
5663
5664
5665
5666
5672
5673
5674
5678
5683
5684
5688
5690
5691
5693
5697
5698
5699
5703
5705
5707
5710
5711
5712
5715
5716
5717
5718
5719
5722
5723
5726
5727
5728
5729
5730
5733
5734
5735
5738
5740
5741
5744
5746
5747
5750
5751
5753
5757
5758
5760
5761
5762
5770
5773
5775
5776
5777
5779
5780
5783
5784
5785
5786
5787
5788
5790
5792
5795
5796
5798
5799
5802
5803
5804
5805
5806
5808
5809
5812
5813
5815
5818
5819
5820
5821
5824
5825
5826
5830
5832
5834
5839
5841
5856
5857
5858
5860
5863
5865
5867
5869
5870
5871
5872
5875
5876
5877
5878
5879
5881
5883
5884
5886
5890
5893
5894
5896
5897
5898
5899
5901
5902
5904
5906
5910
5911
5914
5916
5917
5918
5920
5921
5923
5925
5929
5930
5931
5933
5934
5938
5939
5940
5941
5942
5945
5946
5947
5948
5949
5953
5955
5957
5959
5961
5962
5963
5966
5967
5968
5972
5974
5977
5978
5980
5981
5984
5987
5988
5990
5992
5994
5995
5997
5998
6001
6003
6005
6006
6009
6010
6011
6013
6014
6015
6016
6017
6018
6021
6025
6026
6028
6030
6031
6032
6034
6035
6036
6037
6038
6040
6041
6042
6044
6046
6047
6049
6053
6055
6056
6057
6058
6059
6060
6062
6065
6066
6067
6068
6069
6071
6074
6077
6079
6080
6085
6086
6087
6094
6098
6102
6104
6106
6107
6112
6113
6114
6115
6117
6118
6120
6122
6127
6128
6129
6134
6135
6139
6140
6142
6144
6147
6150
6151
6152
6153
6154
6155
6156
6158
6160
6161
6162
6166
6167
6169
6170
6171
6177
6179
6181
6184
6190
6191
6194
6196
6199
6200
6202
6206
6208
6209
6214
6216
6217
6218
6221
6222
6229
6230
6231
6232
6233
6234
6236
6237
6238
6240
6241
6243
6245
6246
6247
6248
6251
6252
6255
6256
6259
6261
6262
6263
6265
6267
6270
6271
6272
6274
6276
6277
6279
6280
6282
6283
6284
6285
6288
6292
6297
6298
6299
6300
6305
6309
6312
6313
6315
6318
6322
6328
6329
6332
6333
6340
6341
6342
6343
6344
6345
6346
6354
6356
6358
6360
6362
6364
6365
6366
6368
6369
6371
6375
6376
6378
6382
6385
6390
6392
6395
6398
6402
6403
6405
6406
6407
6408
6409
6410
6411
6412
6414
6416
6417
6420
6422
6423
6424
6425
6426
6427
6428
6431
6432
6437
6439
6441
6444
6445
6447
6448
6452
6453
6454
6455
6456
6459
6462
6463
6464
6465
6469
6473
6474
6475
6478
6479
6482
6483
6485
6487
6490
6493
6494
6495
6496
6497
6498
6500
6507
6510
6514
6516
6521
6523
6525
6526
6527
6530
6532
6533
6535
6536
6539
6540
6541
6542
6543
6547
6548
6549
6550
6553
6555
6556
6557
6560
6561
6562
6564
6568
6570
6571
6572
6573
6576
6579
6580
6582
6584
6585
6586
6587
6590
6591
6593
6594
6595
6596
6599
6601
6604
6606
6609
6610
6612
6615
6616
6621
6622
6623
6625
6629
6630
6632
6633
6634
6635
6636
6639
6640
6644
6647
6649
6650
6657
6658
6660
6661
6662
6665
6667
6671
6674
6676
6677
6678
6679
6680
6685
6686
6688
6690
6692
6693
6694
6696
6698
6699
6700
6703
6705
6706
6707
6718
6721
6723
6724
6725
6726
6727
6728
6730
6731
6734
6736
6740
6741
6743
6744
6745
6746
6747
6749
6754
6756
6757
6759
6760
6763
6764
6765
6766
6767
6773
6775
6777
6779
6780
6782
6783
6785
6786
6787
6792
6793
6795
6797
6798
6800
6801
6808
6809
6812
6813
6815
6816
6817
6818
6820
6823
6826
6827
6830
6831
6834
6835
6839
6841
6843
6844
6845
6846
6848
6852
6855
6857
6861
6864
6866
6867
6869
6871
6872
6874
6875
6877
6879
6882
6887
6888
6889
6891
6892
6893
6896
6897
6898
6899
6900
6901
6902
6911
6913
6914
6916
6918
6919
6921
6923
6929
6931
6932
6933
6934
6936
6937
6939
6943
6945
6948
6949
6950
6953
6954
6957
6958
6959
6960
6961
6963
6964
6965
6966
6969
6971
6973
6974
6975
6976
6977
6979
6982
6983
6984
6987
6988
6989
6991
6992
6993
6995
6996
6997
6998
6999
7001
7002
7005
7006
7008
7009
7011
7012
7013
7014
7016
7018
7019
7020
7022
7023
7025
7030
7032
7034
7035
7038
7039
7043
7044
7046
7048
7050
7051
7053
7054
7056
7058
7060
7061
7064
7066
7071
7072
7075
7079
7081
7082
7086
7087
7088
7089
7090
7091
7092
7095
7096
7100
7102
7103
7104
7105
7106
7107
7109
7110
7117
7118
7119
7120
7125
7129
7130
7131
7133
7134
7135
7136
7138
7140
7141
7142
7143
7144
7145
7146
7148
7150
7153
7154
7157
7159
7164
7166
7168
7169
7170
7171
7172
7174
7176
7179
7181
7183
7185
7186
7187
7188
7189
7191
7193
7194
7196
7197
7198
7200
7202
7207
7208
7209
7211
7212
7213
7214
7215
7219
7220
7221
7223
7225
7226
7232
7234
7236
7237
7242
7246
7248
7253
7254
7257
7259
7260
7262
7263
7265
7268
7269
7271
7272
7273
7277
7279
7281
7282
7283
7284
7287
7288
7289
7290
7291
7292
7293
7294
7296
7298
7299
7304
7308
7309
7310
7311
7314
7315
7316
7321
7322
7324
7325
7327
7328
7329
7330
7332
7333
7334
7335
7336
7337
7338
7339
7340
7341
7347
7348
7350
7351
7355
7356
7357
7358
7361
7362
7365
7366
7367
7369
7372
7373
7374
7375
7377
7378
7379
7380
7382
7384
7385
7386
7387
7392
7393
7394
7395
7396
7397
7398
7399
7401
7403
7404
7405
7406
7407
7408
7409
7417
7419
7422
7425
7427
7428
7429
7431
7433
7435
7436
7437
7438
7444
7445
7446
7447
7448
7450
7452
7453
7456
7459
7460
7461
7467
7472
7474
7475
7477
7478
7479
7480
7483
7484
7487
7492
7493
7494
7497
7498
7499
7500
7501
7502
7506
7508
7513
7514
7517
7518
7519
7521
7522
7523
7525
7526
7528
7531
7533
7535
7542
7544
7546
7549
7552
7557
7558
7561
7562
7563
7564
7565
7566
7567
7568
7573
7574
7577
7581
7586
7587
7588
7589
7593
7594
7595
7596
7597
7598
7599
7606
7610
7612
7613
7614
7616
7617
7621
7622
7624
7626
7627
7629
7632
7638
7641
7642
7643
7644
7645
7650
7652
7653
7654
7655
7657
7658
7660
7661
7662
7665
7666
7668
7670
7671
7674
7675
7676
7678
7680
7683
7684
7685
7687
7688
7689
7691
7695
7696
7698
7700
7704
7706
7707
7708
7709
7710
7718
7721
7722
7723
7725
7728
7730
7732
7733
7734
7735
7736
7738
7739
7740
7742
7743
7744
7745
7750
7752
7758
7760
7761
7762
7765
7769
7770
7776
7777
7782
7783
7784
7785
7788
7793
7796
7798
7802
7805
7806
7807
7808
7812
7814
7815
7817
7819
7822
7823
7824
7826
7827
7828
7835
7838
7845
7846
7847
7848
7849
7856
7857
7858
7859
7864
7869
7872
7877
7879
7880
7884
7889
7892
7893
7895
7896
7898
7902
7904
7906
7908
7912
7913
7915
7916
7917
7919
7920
7926
7927
7929
7930
7932
7935
7938
7940
7941
7947
7949
7952
7954
7958
7959
7961
7963
7964
7965
7966
7967
7968
7970
7973
7976
7977
7978
7979
7980
7983
7985
7989
7990
7993
7994
7995
7996
7997
7998
8003
8006
8007
8008
8010
8011
8012
8013
8014
8019
8021
8026
8032
8035
8038
8043
8044
8047
8050
8052
8060
8061
8063
8064
8066
8067
8068
8070
8071
8072
8073
8074
8075
8076
8077
8079
8081
8082
8084
8085
8087
8089
8094
8096
8100
8102
8103
8104
8105
8113
8117
8118
8120
8122
8124
8125
8126
8127
8128
8129
8132
8133
8134
8137
8139
8145
8146
8151
8152
8154
8156
8158
8159
8163
8167
8168
8169
8173
8175
8177
8179
8180
8181
8182
8185
8188
8192
8193
8194
8197
8199
8201
8208
8210
8211
8212
8214
8216
8217
8218
8226
8227
8228
8229
8231
8232
8235
8237
8239
8241
8242
8245
8246
8248
8251
8253
8254
8260
8262
8263
8264
8265
8266
8268
8272
8273
8274
8279
8280
8281
8282
8284
8285
8286
8288
8291
8292
8293
8294
8295
8297
